0.0001 -0.9378 -1.0467 -0.8305 -1.1500 -0.7143 
0.0101 -0.9416 -1.0467 -0.8381 -1.1469 -0.7263 
0.0201 -0.9452 -1.0470 -0.8450 -1.1438 -0.7390 
0.0301 -0.9488 -1.0470 -0.8518 -1.1411 -0.7503 
0.0401 -0.9524 -1.0475 -0.8585 -1.1389 -0.7613 
0.0501 -0.9558 -1.0477 -0.8650 -1.1367 -0.7718 
0.0601 -0.9592 -1.0478 -0.8714 -1.1343 -0.7818 
0.0701 -0.9625 -1.0480 -0.8775 -1.1330 -0.7914 
0.0801 -0.9658 -1.0483 -0.8841 -1.1306 -0.8011 
0.0901 -0.9690 -1.0485 -0.8899 -1.1286 -0.8101 
0.1001 -0.9722 -1.0489 -0.8956 -1.1266 -0.8187 
0.1101 -0.9753 -1.0497 -0.9011 -1.1251 -0.8278 
0.1201 -0.9783 -1.0504 -0.9067 -1.1237 -0.8351 
0.1301 -0.9813 -1.0507 -0.9120 -1.1218 -0.8438 
0.1401 -0.9842 -1.0512 -0.9173 -1.1200 -0.8506 
0.1501 -0.9871 -1.0517 -0.9227 -1.1185 -0.8584 
0.1601 -0.9899 -1.0527 -0.9274 -1.1169 -0.8657 
0.1701 -0.9927 -1.0536 -0.9323 -1.1162 -0.8718 
0.1801 -0.9954 -1.0544 -0.9368 -1.1156 -0.8787 
0.1901 -0.9981 -1.0554 -0.9414 -1.1148 -0.8841 
0.2001 -1.0008 -1.0567 -0.9455 -1.1140 -0.8897 
0.2101 -1.0034 -1.0578 -0.9494 -1.1134 -0.8954 
0.2201 -1.0059 -1.0590 -0.9533 -1.1133 -0.9007 
0.2301 -1.0085 -1.0604 -0.9570 -1.1130 -0.9058 
0.2401 -1.0109 -1.0617 -0.9608 -1.1133 -0.9106 
0.2501 -1.0134 -1.0632 -0.9638 -1.1136 -0.9155 
0.2601 -1.0158 -1.0647 -0.9668 -1.1143 -0.9197 
0.2701 -1.0181 -1.0664 -0.9697 -1.1158 -0.9239 
0.2801 -1.0204 -1.0680 -0.9727 -1.1178 -0.9276 
0.2901 -1.0227 -1.0697 -0.9755 -1.1192 -0.9310 
0.3001 -1.0250 -1.0716 -0.9783 -1.1213 -0.9343 
0.3101 -1.0272 -1.0737 -0.9808 -1.1227 -0.9372 
0.3201 -1.0294 -1.0756 -0.9830 -1.1249 -0.9401 
0.3301 -1.0315 -1.0776 -0.9851 -1.1272 -0.9426 
0.3401 -1.0337 -1.0795 -0.9870 -1.1300 -0.9449 
0.3501 -1.0357 -1.0817 -0.9889 -1.1329 -0.9471 
0.3601 -1.0378 -1.0841 -0.9909 -1.1366 -0.9490 
0.3701 -1.0398 -1.0861 -0.9924 -1.1404 -0.9506 
0.3801 -1.0418 -1.0882 -0.9940 -1.1443 -0.9517 
0.3901 -1.0438 -1.0908 -0.9952 -1.1483 -0.9532 
0.4001 -1.0457 -1.0930 -0.9968 -1.1527 -0.9545 
0.4101 -1.0477 -1.0956 -0.9982 -1.1576 -0.9553 
0.4201 -1.0495 -1.0984 -0.9994 -1.1623 -0.9564 
0.4301 -1.0514 -1.1012 -1.0006 -1.1673 -0.9574 
0.4401 -1.0532 -1.1040 -1.0017 -1.1710 -0.9584 
0.4501 -1.0550 -1.1065 -1.0028 -1.1757 -0.9592 
0.4601 -1.0568 -1.1093 -1.0038 -1.1801 -0.9596 
0.4701 -1.0586 -1.1120 -1.0045 -1.1850 -0.9601 
0.4801 -1.0603 -1.1144 -1.0054 -1.1896 -0.9607 
0.4901 -1.0620 -1.1173 -1.0057 -1.1949 -0.9610 
0.5001 -1.0637 -1.1203 -1.0063 -1.1995 -0.9610 
0.5101 -1.0654 -1.1229 -1.0069 -1.2042 -0.9609 
0.5201 -1.0670 -1.1254 -1.0076 -1.2088 -0.9610 
0.5301 -1.0687 -1.1282 -1.0082 -1.2134 -0.9610 
0.5401 -1.0703 -1.1309 -1.0087 -1.2174 -0.9609 
0.5501 -1.0718 -1.1334 -1.0092 -1.2218 -0.9606 
0.5601 -1.0734 -1.1360 -1.0097 -1.2265 -0.9607 
0.5701 -1.0750 -1.1384 -1.0103 -1.2309 -0.9607 
0.5801 -1.0765 -1.1411 -1.0108 -1.2354 -0.9604 
0.5901 -1.0780 -1.1438 -1.0112 -1.2401 -0.9604 
0.6001 -1.0795 -1.1465 -1.0117 -1.2444 -0.9601 
0.6101 -1.0809 -1.1490 -1.0120 -1.2480 -0.9596 
0.6201 -1.0824 -1.1516 -1.0124 -1.2523 -0.9589 
0.6301 -1.0838 -1.1541 -1.0129 -1.2568 -0.9583 
0.6401 -1.0852 -1.1567 -1.0133 -1.2610 -0.9578 
0.6501 -1.0866 -1.1594 -1.0135 -1.2653 -0.9571 
0.6601 -1.0880 -1.1619 -1.0137 -1.2693 -0.9567 
0.6701 -1.0894 -1.1642 -1.0139 -1.2735 -0.9562 
0.6801 -1.0907 -1.1668 -1.0140 -1.2778 -0.9558 
0.6901 -1.0920 -1.1688 -1.0142 -1.2817 -0.9553 
0.7001 -1.0933 -1.1713 -1.0141 -1.2859 -0.9547 
0.7101 -1.0946 -1.1737 -1.0142 -1.2899 -0.9541 
0.7201 -1.0959 -1.1759 -1.0144 -1.2933 -0.9536 
0.7301 -1.0972 -1.1784 -1.0145 -1.2970 -0.9530 
0.7401 -1.0985 -1.1806 -1.0147 -1.3007 -0.9524 
0.7501 -1.0997 -1.1831 -1.0146 -1.3049 -0.9519 
0.7601 -1.1009 -1.1856 -1.0148 -1.3092 -0.9513 
0.7701 -1.1021 -1.1878 -1.0150 -1.3134 -0.9507 
0.7801 -1.1033 -1.1902 -1.0153 -1.3174 -0.9498 
0.7901 -1.1045 -1.1922 -1.0155 -1.3213 -0.9496 
0.8001 -1.1057 -1.1945 -1.0156 -1.3251 -0.9491 
0.8101 -1.1068 -1.1967 -1.0157 -1.3288 -0.9483 
0.8201 -1.1080 -1.1989 -1.0159 -1.3324 -0.9475 
0.8301 -1.1091 -1.2009 -1.0159 -1.3360 -0.9469 
0.8401 -1.1102 -1.2030 -1.0159 -1.3395 -0.9466 
0.8501 -1.1114 -1.2052 -1.0160 -1.3430 -0.9462 
0.8601 -1.1125 -1.2071 -1.0161 -1.3465 -0.9458 
0.8701 -1.1135 -1.2094 -1.0162 -1.3507 -0.9453 
0.8801 -1.1146 -1.2116 -1.0162 -1.3541 -0.9444 
0.8901 -1.1157 -1.2137 -1.0163 -1.3575 -0.9441 
0.9001 -1.1167 -1.2158 -1.0165 -1.3610 -0.9435 
0.9101 -1.1178 -1.2177 -1.0165 -1.3646 -0.9432 
0.9201 -1.1188 -1.2197 -1.0166 -1.3680 -0.9422 
0.9301 -1.1198 -1.2217 -1.0166 -1.3714 -0.9413 
0.9401 -1.1208 -1.2236 -1.0167 -1.3746 -0.9409 
0.9501 -1.1218 -1.2256 -1.0169 -1.3774 -0.9403 
0.9601 -1.1228 -1.2276 -1.0169 -1.3804 -0.9396 
0.9701 -1.1238 -1.2292 -1.0168 -1.3836 -0.9388 
0.9801 -1.1248 -1.2310 -1.0168 -1.3868 -0.9382 
0.9901 -1.1257 -1.2330 -1.0167 -1.3904 -0.9377 
1.0001 -1.1267 -1.2349 -1.0166 -1.3950 -0.9372 
1.0101 -1.1276 -1.2367 -1.0167 -1.3982 -0.9367 
1.0201 -1.1285 -1.2385 -1.0167 -1.4013 -0.9363 
1.0301 -1.1295 -1.2405 -1.0168 -1.4042 -0.9357 
1.0401 -1.1304 -1.2424 -1.0169 -1.4075 -0.9349 
1.0501 -1.1313 -1.2443 -1.0170 -1.4108 -0.9340 
1.0601 -1.1322 -1.2461 -1.0170 -1.4137 -0.9334 
1.0701 -1.1331 -1.2478 -1.0170 -1.4161 -0.9326 
1.0801 -1.1339 -1.2495 -1.0170 -1.4191 -0.9324 
1.0901 -1.1348 -1.2512 -1.0169 -1.4222 -0.9319 
1.1001 -1.1357 -1.2530 -1.0170 -1.4247 -0.9312 
1.1101 -1.1365 -1.2548 -1.0170 -1.4278 -0.9306 
1.1201 -1.1374 -1.2565 -1.0170 -1.4303 -0.9300 
1.1301 -1.1382 -1.2581 -1.0172 -1.4336 -0.9293 
1.1401 -1.1390 -1.2597 -1.0169 -1.4361 -0.9286 
1.1501 -1.1398 -1.2611 -1.0170 -1.4389 -0.9282 
1.1601 -1.1407 -1.2627 -1.0169 -1.4414 -0.9277 
1.1701 -1.1415 -1.2643 -1.0170 -1.4441 -0.9267 
1.1801 -1.1423 -1.2659 -1.0171 -1.4469 -0.9262 
1.1901 -1.1431 -1.2674 -1.0171 -1.4495 -0.9257 
1.2001 -1.1438 -1.2689 -1.0172 -1.4521 -0.9250 
1.2101 -1.1446 -1.2704 -1.0172 -1.4545 -0.9246 
1.2201 -1.1454 -1.2718 -1.0171 -1.4569 -0.9240 
1.2301 -1.1461 -1.2731 -1.0172 -1.4591 -0.9232 
1.2401 -1.1469 -1.2748 -1.0173 -1.4618 -0.9225 
1.2501 -1.1477 -1.2760 -1.0173 -1.4642 -0.9221 
1.2601 -1.1484 -1.2773 -1.0173 -1.4664 -0.9214 
1.2701 -1.1491 -1.2787 -1.0172 -1.4686 -0.9206 
1.2801 -1.1499 -1.2800 -1.0173 -1.4707 -0.9199 
1.2901 -1.1506 -1.2815 -1.0173 -1.4731 -0.9194 
1.3001 -1.1513 -1.2828 -1.0174 -1.4754 -0.9190 
1.3101 -1.1520 -1.2840 -1.0174 -1.4779 -0.9185 
1.3201 -1.1527 -1.2857 -1.0174 -1.4802 -0.9179 
1.3301 -1.1534 -1.2869 -1.0174 -1.4826 -0.9174 
1.3401 -1.1541 -1.2883 -1.0174 -1.4851 -0.9166 
1.3501 -1.1548 -1.2896 -1.0174 -1.4872 -0.9163 
1.3601 -1.1555 -1.2910 -1.0174 -1.4895 -0.9159 
1.3701 -1.1562 -1.2923 -1.0173 -1.4919 -0.9154 
1.3801 -1.1568 -1.2937 -1.0174 -1.4941 -0.9150 
1.3901 -1.1575 -1.2948 -1.0174 -1.4963 -0.9147 
1.4001 -1.1581 -1.2963 -1.0176 -1.4983 -0.9142 
1.4101 -1.1588 -1.2976 -1.0176 -1.5000 -0.9140 
1.4201 -1.1594 -1.2988 -1.0176 -1.5027 -0.9135 
1.4301 -1.1601 -1.3000 -1.0176 -1.5052 -0.9132 
1.4401 -1.1607 -1.3012 -1.0177 -1.5071 -0.9126 
1.4501 -1.1614 -1.3025 -1.0176 -1.5095 -0.9120 
1.4601 -1.1620 -1.3037 -1.0176 -1.5115 -0.9114 
1.4701 -1.1626 -1.3049 -1.0176 -1.5135 -0.9111 
1.4801 -1.1632 -1.3060 -1.0175 -1.5156 -0.9106 
1.4901 -1.1638 -1.3073 -1.0176 -1.5176 -0.9103 
1.5001 -1.1644 -1.3087 -1.0177 -1.5193 -0.9096 
1.5101 -1.1650 -1.3096 -1.0176 -1.5212 -0.9089 
1.5201 -1.1656 -1.3107 -1.0177 -1.5235 -0.9085 
1.5301 -1.1662 -1.3119 -1.0177 -1.5253 -0.9081 
1.5401 -1.1668 -1.3132 -1.0177 -1.5271 -0.9077 
1.5501 -1.1674 -1.3143 -1.0177 -1.5290 -0.9072 
1.5601 -1.1680 -1.3157 -1.0175 -1.5311 -0.9068 
1.5701 -1.1686 -1.3168 -1.0176 -1.5333 -0.9064 
1.5801 -1.1691 -1.3180 -1.0176 -1.5351 -0.9059 
1.5901 -1.1697 -1.3193 -1.0176 -1.5376 -0.9055 
1.6001 -1.1703 -1.3205 -1.0175 -1.5396 -0.9052 
1.6101 -1.1708 -1.3215 -1.0175 -1.5412 -0.9048 
1.6201 -1.1714 -1.3226 -1.0174 -1.5433 -0.9045 
1.6301 -1.1719 -1.3238 -1.0174 -1.5449 -0.9042 
1.6401 -1.1725 -1.3248 -1.0175 -1.5472 -0.9039 
1.6501 -1.1730 -1.3259 -1.0174 -1.5491 -0.9035 
1.6601 -1.1735 -1.3269 -1.0173 -1.5510 -0.9031 
1.6701 -1.1741 -1.3279 -1.0173 -1.5529 -0.9027 
1.6801 -1.1746 -1.3290 -1.0174 -1.5547 -0.9022 
1.6901 -1.1751 -1.3299 -1.0175 -1.5564 -0.9018 
1.7001 -1.1756 -1.3310 -1.0174 -1.5580 -0.9014 
1.7101 -1.1761 -1.3321 -1.0173 -1.5591 -0.9009 
1.7201 -1.1767 -1.3332 -1.0174 -1.5612 -0.9005 
1.7301 -1.1772 -1.3341 -1.0174 -1.5629 -0.9000 
1.7401 -1.1777 -1.3352 -1.0174 -1.5645 -0.8997 
1.7501 -1.1782 -1.3362 -1.0174 -1.5663 -0.8994 
1.7601 -1.1787 -1.3372 -1.0173 -1.5681 -0.8991 
1.7701 -1.1792 -1.3382 -1.0172 -1.5698 -0.8987 
1.7801 -1.1797 -1.3391 -1.0172 -1.5716 -0.8983 
1.7901 -1.1801 -1.3401 -1.0173 -1.5732 -0.8980 
1.8001 -1.1806 -1.3411 -1.0173 -1.5750 -0.8976 
1.8101 -1.1811 -1.3420 -1.0172 -1.5768 -0.8972 
1.8201 -1.1816 -1.3429 -1.0173 -1.5784 -0.8968 
1.8301 -1.1821 -1.3440 -1.0173 -1.5800 -0.8964 
1.8401 -1.1825 -1.3449 -1.0173 -1.5816 -0.8959 
1.8501 -1.1830 -1.3459 -1.0173 -1.5831 -0.8956 
1.8601 -1.1835 -1.3468 -1.0173 -1.5848 -0.8952 
1.8701 -1.1839 -1.3478 -1.0173 -1.5864 -0.8948 
1.8801 -1.1844 -1.3487 -1.0172 -1.5883 -0.8943 
1.8901 -1.1848 -1.3495 -1.0172 -1.5899 -0.8940 
1.9001 -1.1853 -1.3505 -1.0172 -1.5913 -0.8936 
1.9101 -1.1857 -1.3514 -1.0172 -1.5926 -0.8932 
1.9201 -1.1862 -1.3522 -1.0172 -1.5940 -0.8928 
1.9301 -1.1866 -1.3530 -1.0171 -1.5956 -0.8925 
1.9401 -1.1870 -1.3540 -1.0172 -1.5969 -0.8922 
1.9501 -1.1875 -1.3548 -1.0172 -1.5983 -0.8918 
1.9601 -1.1879 -1.3556 -1.0173 -1.5995 -0.8915 
1.9701 -1.1883 -1.3564 -1.0172 -1.6008 -0.8912 
1.9801 -1.1888 -1.3573 -1.0170 -1.6018 -0.8905 
1.9901 -1.1892 -1.3581 -1.0170 -1.6034 -0.8902 
2.0001 -1.1896 -1.3589 -1.0169 -1.6049 -0.8897 
2.0101 -1.1900 -1.3597 -1.0169 -1.6063 -0.8895 
2.0201 -1.1905 -1.3605 -1.0169 -1.6077 -0.8894 
2.0301 -1.1909 -1.3613 -1.0170 -1.6091 -0.8890 
2.0401 -1.1913 -1.3622 -1.0170 -1.6104 -0.8886 
2.0501 -1.1917 -1.3630 -1.0170 -1.6117 -0.8882 
2.0601 -1.1921 -1.3638 -1.0170 -1.6131 -0.8879 
2.0701 -1.1925 -1.3645 -1.0169 -1.6144 -0.8875 
2.0801 -1.1929 -1.3653 -1.0169 -1.6159 -0.8872 
2.0901 -1.1933 -1.3661 -1.0169 -1.6173 -0.8868 
2.1001 -1.1937 -1.3667 -1.0168 -1.6189 -0.8865 
2.1101 -1.1941 -1.3675 -1.0167 -1.6202 -0.8862 
2.1201 -1.1945 -1.3683 -1.0167 -1.6216 -0.8858 
2.1301 -1.1948 -1.3691 -1.0167 -1.6229 -0.8856 
2.1401 -1.1952 -1.3699 -1.0166 -1.6240 -0.8852 
2.1501 -1.1956 -1.3707 -1.0167 -1.6254 -0.8849 
2.1601 -1.1960 -1.3714 -1.0167 -1.6268 -0.8846 
2.1701 -1.1964 -1.3722 -1.0168 -1.6280 -0.8843 
2.1801 -1.1967 -1.3729 -1.0167 -1.6292 -0.8839 
2.1901 -1.1971 -1.3737 -1.0168 -1.6303 -0.8836 
2.2001 -1.1975 -1.3744 -1.0168 -1.6315 -0.8832 
2.2101 -1.1979 -1.3752 -1.0167 -1.6327 -0.8829 
2.2201 -1.1982 -1.3759 -1.0167 -1.6338 -0.8826 
2.2301 -1.1986 -1.3766 -1.0168 -1.6350 -0.8823 
2.2401 -1.1989 -1.3774 -1.0168 -1.6363 -0.8818 
2.2501 -1.1993 -1.3781 -1.0168 -1.6374 -0.8816 
2.2601 -1.1997 -1.3787 -1.0168 -1.6385 -0.8812 
2.2701 -1.2000 -1.3794 -1.0169 -1.6396 -0.8810 
2.2801 -1.2004 -1.3802 -1.0168 -1.6408 -0.8806 
2.2901 -1.2007 -1.3809 -1.0168 -1.6422 -0.8804 
2.3001 -1.2011 -1.3816 -1.0168 -1.6436 -0.8800 
2.3101 -1.2014 -1.3822 -1.0167 -1.6449 -0.8798 
2.3201 -1.2018 -1.3828 -1.0167 -1.6463 -0.8796 
2.3301 -1.2021 -1.3835 -1.0167 -1.6477 -0.8794 
2.3401 -1.2024 -1.3843 -1.0167 -1.6489 -0.8790 
2.3501 -1.2028 -1.3851 -1.0168 -1.6500 -0.8787 
2.3601 -1.2031 -1.3858 -1.0168 -1.6512 -0.8785 
2.3701 -1.2034 -1.3864 -1.0168 -1.6524 -0.8783 
2.3801 -1.2038 -1.3871 -1.0168 -1.6534 -0.8780 
2.3901 -1.2041 -1.3879 -1.0168 -1.6545 -0.8777 
2.4001 -1.2044 -1.3886 -1.0168 -1.6557 -0.8774 
2.4101 -1.2048 -1.3890 -1.0168 -1.6567 -0.8770 
2.4201 -1.2051 -1.3897 -1.0168 -1.6578 -0.8767 
2.4301 -1.2054 -1.3904 -1.0167 -1.6589 -0.8763 
2.4401 -1.2057 -1.3909 -1.0167 -1.6602 -0.8760 
2.4501 -1.2060 -1.3915 -1.0167 -1.6614 -0.8758 
2.4601 -1.2064 -1.3921 -1.0166 -1.6623 -0.8755 
2.4701 -1.2067 -1.3927 -1.0167 -1.6632 -0.8752 
2.4801 -1.2070 -1.3934 -1.0167 -1.6643 -0.8749 
2.4901 -1.2073 -1.3940 -1.0167 -1.6652 -0.8746 
2.5001 -1.2076 -1.3945 -1.0168 -1.6661 -0.8743 
