0.0001 -1.0565 -1.1168 -0.9966 -1.1750 -0.9288 
0.0101 -1.0568 -1.1147 -0.9996 -1.1704 -0.9339 
0.0201 -1.0572 -1.1132 -1.0026 -1.1666 -0.9390 
0.0301 -1.0576 -1.1116 -1.0047 -1.1631 -0.9432 
0.0401 -1.0579 -1.1100 -1.0070 -1.1597 -0.9477 
0.0501 -1.0583 -1.1080 -1.0093 -1.1564 -0.9518 
0.0601 -1.0586 -1.1065 -1.0117 -1.1532 -0.9554 
0.0701 -1.0590 -1.1054 -1.0141 -1.1504 -0.9592 
0.0801 -1.0593 -1.1045 -1.0162 -1.1470 -0.9628 
0.0901 -1.0596 -1.1030 -1.0182 -1.1454 -0.9658 
0.1001 -1.0599 -1.1018 -1.0202 -1.1426 -0.9691 
0.1101 -1.0602 -1.1011 -1.0221 -1.1400 -0.9724 
0.1201 -1.0606 -1.1004 -1.0239 -1.1386 -0.9752 
0.1301 -1.0609 -1.0994 -1.0250 -1.1358 -0.9775 
0.1401 -1.0611 -1.0984 -1.0265 -1.1340 -0.9793 
0.1501 -1.0614 -1.0978 -1.0281 -1.1327 -0.9812 
0.1601 -1.0617 -1.0975 -1.0294 -1.1311 -0.9829 
0.1701 -1.0620 -1.0975 -1.0305 -1.1298 -0.9847 
0.1801 -1.0623 -1.0970 -1.0316 -1.1292 -0.9860 
0.1901 -1.0626 -1.0969 -1.0320 -1.1284 -0.9873 
0.2001 -1.0628 -1.0967 -1.0324 -1.1282 -0.9888 
0.2101 -1.0631 -1.0967 -1.0327 -1.1278 -0.9898 
0.2201 -1.0633 -1.0965 -1.0327 -1.1279 -0.9907 
0.2301 -1.0636 -1.0965 -1.0327 -1.1281 -0.9916 
0.2401 -1.0638 -1.0967 -1.0325 -1.1276 -0.9920 
0.2501 -1.0641 -1.0971 -1.0318 -1.1274 -0.9926 
0.2601 -1.0643 -1.0975 -1.0313 -1.1276 -0.9928 
0.2701 -1.0646 -1.0980 -1.0310 -1.1281 -0.9927 
0.2801 -1.0648 -1.0985 -1.0306 -1.1285 -0.9926 
0.2901 -1.0650 -1.0994 -1.0297 -1.1287 -0.9924 
0.3001 -1.0653 -1.1005 -1.0288 -1.1298 -0.9919 
0.3101 -1.0655 -1.1012 -1.0283 -1.1313 -0.9914 
0.3201 -1.0657 -1.1026 -1.0277 -1.1335 -0.9914 
0.3301 -1.0659 -1.1034 -1.0270 -1.1350 -0.9911 
0.3401 -1.0661 -1.1041 -1.0264 -1.1364 -0.9901 
0.3501 -1.0663 -1.1050 -1.0258 -1.1380 -0.9892 
0.3601 -1.0666 -1.1063 -1.0252 -1.1395 -0.9885 
0.3701 -1.0668 -1.1077 -1.0243 -1.1415 -0.9873 
0.3801 -1.0670 -1.1089 -1.0235 -1.1437 -0.9868 
0.3901 -1.0672 -1.1102 -1.0229 -1.1450 -0.9856 
0.4001 -1.0674 -1.1112 -1.0219 -1.1467 -0.9844 
0.4101 -1.0675 -1.1123 -1.0210 -1.1483 -0.9833 
0.4201 -1.0677 -1.1134 -1.0204 -1.1505 -0.9818 
0.4301 -1.0679 -1.1143 -1.0195 -1.1528 -0.9801 
0.4401 -1.0681 -1.1151 -1.0186 -1.1550 -0.9792 
0.4501 -1.0683 -1.1165 -1.0178 -1.1571 -0.9774 
0.4601 -1.0685 -1.1178 -1.0168 -1.1600 -0.9763 
0.4701 -1.0686 -1.1189 -1.0161 -1.1620 -0.9747 
0.4801 -1.0688 -1.1202 -1.0153 -1.1645 -0.9725 
0.4901 -1.0690 -1.1213 -1.0147 -1.1667 -0.9711 
0.5001 -1.0692 -1.1223 -1.0137 -1.1687 -0.9685 
0.5101 -1.0693 -1.1233 -1.0131 -1.1713 -0.9670 
0.5201 -1.0695 -1.1246 -1.0122 -1.1736 -0.9658 
0.5301 -1.0697 -1.1257 -1.0114 -1.1755 -0.9645 
0.5401 -1.0698 -1.1266 -1.0106 -1.1778 -0.9628 
0.5501 -1.0700 -1.1278 -1.0098 -1.1795 -0.9614 
0.5601 -1.0701 -1.1288 -1.0093 -1.1812 -0.9597 
0.5701 -1.0703 -1.1299 -1.0084 -1.1834 -0.9580 
0.5801 -1.0704 -1.1311 -1.0078 -1.1856 -0.9564 
0.5901 -1.0706 -1.1323 -1.0071 -1.1876 -0.9554 
0.6001 -1.0708 -1.1332 -1.0065 -1.1895 -0.9539 
0.6101 -1.0709 -1.1343 -1.0058 -1.1915 -0.9523 
0.6201 -1.0710 -1.1351 -1.0049 -1.1935 -0.9507 
0.6301 -1.0712 -1.1363 -1.0043 -1.1955 -0.9489 
0.6401 -1.0713 -1.1373 -1.0038 -1.1974 -0.9472 
0.6501 -1.0715 -1.1382 -1.0032 -1.1995 -0.9457 
0.6601 -1.0716 -1.1392 -1.0027 -1.2014 -0.9444 
0.6701 -1.0717 -1.1403 -1.0020 -1.2038 -0.9430 
0.6801 -1.0719 -1.1413 -1.0014 -1.2061 -0.9414 
0.6901 -1.0720 -1.1419 -1.0005 -1.2081 -0.9399 
0.7001 -1.0722 -1.1427 -0.9998 -1.2100 -0.9385 
0.7101 -1.0723 -1.1440 -0.9991 -1.2115 -0.9374 
0.7201 -1.0724 -1.1446 -0.9986 -1.2135 -0.9363 
0.7301 -1.0725 -1.1455 -0.9980 -1.2152 -0.9349 
0.7401 -1.0727 -1.1465 -0.9972 -1.2169 -0.9329 
0.7501 -1.0728 -1.1474 -0.9967 -1.2187 -0.9320 
0.7601 -1.0729 -1.1485 -0.9961 -1.2205 -0.9306 
0.7701 -1.0730 -1.1492 -0.9954 -1.2224 -0.9293 
0.7801 -1.0732 -1.1501 -0.9948 -1.2241 -0.9283 
0.7901 -1.0733 -1.1511 -0.9943 -1.2257 -0.9273 
0.8001 -1.0734 -1.1519 -0.9937 -1.2279 -0.9262 
0.8101 -1.0735 -1.1525 -0.9929 -1.2298 -0.9252 
0.8201 -1.0736 -1.1534 -0.9924 -1.2316 -0.9238 
0.8301 -1.0737 -1.1543 -0.9919 -1.2334 -0.9229 
0.8401 -1.0739 -1.1553 -0.9912 -1.2348 -0.9218 
0.8501 -1.0740 -1.1562 -0.9905 -1.2367 -0.9205 
0.8601 -1.0741 -1.1569 -0.9899 -1.2386 -0.9191 
0.8701 -1.0742 -1.1576 -0.9895 -1.2400 -0.9178 
0.8801 -1.0743 -1.1583 -0.9888 -1.2417 -0.9165 
0.8901 -1.0744 -1.1591 -0.9883 -1.2435 -0.9153 
0.9001 -1.0745 -1.1598 -0.9877 -1.2451 -0.9142 
0.9101 -1.0746 -1.1606 -0.9872 -1.2466 -0.9126 
0.9201 -1.0747 -1.1611 -0.9869 -1.2482 -0.9111 
0.9301 -1.0748 -1.1616 -0.9864 -1.2496 -0.9099 
0.9401 -1.0749 -1.1625 -0.9858 -1.2510 -0.9088 
0.9501 -1.0750 -1.1632 -0.9853 -1.2524 -0.9077 
0.9601 -1.0751 -1.1639 -0.9847 -1.2537 -0.9065 
0.9701 -1.0752 -1.1646 -0.9840 -1.2552 -0.9055 
0.9801 -1.0753 -1.1654 -0.9835 -1.2566 -0.9044 
0.9901 -1.0754 -1.1660 -0.9830 -1.2579 -0.9032 
1.0001 -1.0755 -1.1668 -0.9822 -1.2593 -0.9020 
1.0101 -1.0756 -1.1676 -0.9818 -1.2606 -0.9009 
1.0201 -1.0757 -1.1682 -0.9815 -1.2619 -0.8997 
1.0301 -1.0758 -1.1688 -0.9808 -1.2632 -0.8985 
1.0401 -1.0759 -1.1695 -0.9803 -1.2648 -0.8975 
1.0501 -1.0760 -1.1701 -0.9799 -1.2663 -0.8964 
1.0601 -1.0761 -1.1708 -0.9794 -1.2679 -0.8952 
1.0701 -1.0762 -1.1715 -0.9789 -1.2693 -0.8942 
1.0801 -1.0762 -1.1723 -0.9784 -1.2705 -0.8931 
1.0901 -1.0763 -1.1730 -0.9778 -1.2719 -0.8920 
1.1001 -1.0764 -1.1737 -0.9771 -1.2733 -0.8910 
1.1101 -1.0765 -1.1743 -0.9767 -1.2746 -0.8898 
1.1201 -1.0766 -1.1748 -0.9764 -1.2756 -0.8889 
1.1301 -1.0767 -1.1754 -0.9759 -1.2769 -0.8877 
1.1401 -1.0768 -1.1761 -0.9755 -1.2783 -0.8869 
1.1501 -1.0768 -1.1767 -0.9749 -1.2796 -0.8859 
1.1601 -1.0769 -1.1773 -0.9746 -1.2810 -0.8849 
1.1701 -1.0770 -1.1778 -0.9742 -1.2822 -0.8838 
1.1801 -1.0771 -1.1785 -0.9737 -1.2834 -0.8829 
1.1901 -1.0772 -1.1791 -0.9734 -1.2847 -0.8819 
1.2001 -1.0772 -1.1796 -0.9730 -1.2860 -0.8810 
1.2101 -1.0773 -1.1802 -0.9725 -1.2869 -0.8800 
1.2201 -1.0774 -1.1808 -0.9721 -1.2879 -0.8791 
1.2301 -1.0775 -1.1814 -0.9715 -1.2892 -0.8781 
1.2401 -1.0776 -1.1820 -0.9711 -1.2901 -0.8772 
1.2501 -1.0776 -1.1825 -0.9706 -1.2914 -0.8762 
1.2601 -1.0777 -1.1832 -0.9703 -1.2927 -0.8754 
1.2701 -1.0778 -1.1839 -0.9699 -1.2939 -0.8745 
1.2801 -1.0778 -1.1844 -0.9696 -1.2950 -0.8736 
1.2901 -1.0779 -1.1850 -0.9692 -1.2961 -0.8727 
1.3001 -1.0780 -1.1857 -0.9688 -1.2972 -0.8718 
1.3101 -1.0781 -1.1863 -0.9684 -1.2985 -0.8709 
1.3201 -1.0781 -1.1868 -0.9680 -1.2997 -0.8699 
1.3301 -1.0782 -1.1876 -0.9675 -1.3007 -0.8692 
1.3401 -1.0783 -1.1879 -0.9670 -1.3017 -0.8683 
1.3501 -1.0783 -1.1886 -0.9666 -1.3026 -0.8675 
1.3601 -1.0784 -1.1891 -0.9663 -1.3036 -0.8667 
1.3701 -1.0785 -1.1896 -0.9659 -1.3049 -0.8657 
1.3801 -1.0786 -1.1902 -0.9654 -1.3062 -0.8650 
1.3901 -1.0786 -1.1908 -0.9652 -1.3073 -0.8642 
1.4001 -1.0787 -1.1914 -0.9648 -1.3084 -0.8634 
1.4101 -1.0788 -1.1919 -0.9644 -1.3098 -0.8626 
1.4201 -1.0788 -1.1925 -0.9640 -1.3108 -0.8618 
1.4301 -1.0789 -1.1929 -0.9636 -1.3117 -0.8610 
1.4401 -1.0789 -1.1935 -0.9631 -1.3126 -0.8602 
1.4501 -1.0790 -1.1939 -0.9628 -1.3136 -0.8594 
1.4601 -1.0791 -1.1944 -0.9624 -1.3145 -0.8586 
1.4701 -1.0791 -1.1949 -0.9619 -1.3154 -0.8578 
1.4801 -1.0792 -1.1954 -0.9617 -1.3163 -0.8571 
1.4901 -1.0793 -1.1959 -0.9613 -1.3173 -0.8564 
1.5001 -1.0793 -1.1965 -0.9610 -1.3184 -0.8556 
1.5101 -1.0794 -1.1970 -0.9607 -1.3194 -0.8549 
1.5201 -1.0794 -1.1975 -0.9604 -1.3204 -0.8541 
1.5301 -1.0795 -1.1977 -0.9601 -1.3214 -0.8534 
1.5401 -1.0796 -1.1983 -0.9597 -1.3224 -0.8527 
1.5501 -1.0796 -1.1988 -0.9594 -1.3233 -0.8520 
1.5601 -1.0797 -1.1993 -0.9591 -1.3243 -0.8512 
1.5701 -1.0797 -1.1997 -0.9587 -1.3252 -0.8506 
1.5801 -1.0798 -1.2002 -0.9585 -1.3259 -0.8499 
1.5901 -1.0798 -1.2007 -0.9581 -1.3270 -0.8491 
1.6001 -1.0799 -1.2011 -0.9578 -1.3277 -0.8485 
1.6101 -1.0800 -1.2015 -0.9575 -1.3286 -0.8478 
1.6201 -1.0800 -1.2018 -0.9571 -1.3295 -0.8472 
1.6301 -1.0801 -1.2022 -0.9569 -1.3303 -0.8465 
1.6401 -1.0801 -1.2025 -0.9565 -1.3312 -0.8458 
1.6501 -1.0802 -1.2029 -0.9563 -1.3320 -0.8451 
1.6601 -1.0802 -1.2033 -0.9560 -1.3327 -0.8444 
1.6701 -1.0803 -1.2038 -0.9555 -1.3335 -0.8438 
1.6801 -1.0803 -1.2042 -0.9551 -1.3342 -0.8432 
1.6901 -1.0804 -1.2046 -0.9547 -1.3349 -0.8425 
1.7001 -1.0804 -1.2050 -0.9546 -1.3355 -0.8419 
1.7101 -1.0805 -1.2053 -0.9543 -1.3364 -0.8413 
1.7201 -1.0805 -1.2055 -0.9540 -1.3373 -0.8406 
1.7301 -1.0806 -1.2060 -0.9538 -1.3380 -0.8399 
1.7401 -1.0807 -1.2064 -0.9535 -1.3387 -0.8394 
1.7501 -1.0807 -1.2067 -0.9531 -1.3396 -0.8388 
1.7601 -1.0808 -1.2071 -0.9530 -1.3404 -0.8382 
1.7701 -1.0808 -1.2074 -0.9526 -1.3413 -0.8376 
1.7801 -1.0809 -1.2078 -0.9522 -1.3421 -0.8369 
1.7901 -1.0809 -1.2082 -0.9520 -1.3429 -0.8363 
1.8001 -1.0810 -1.2085 -0.9517 -1.3437 -0.8357 
1.8101 -1.0810 -1.2089 -0.9512 -1.3445 -0.8351 
1.8201 -1.0810 -1.2092 -0.9511 -1.3453 -0.8345 
1.8301 -1.0811 -1.2097 -0.9508 -1.3461 -0.8340 
1.8401 -1.0811 -1.2100 -0.9505 -1.3469 -0.8334 
1.8501 -1.0812 -1.2105 -0.9503 -1.3476 -0.8329 
1.8601 -1.0812 -1.2109 -0.9500 -1.3484 -0.8323 
1.8701 -1.0813 -1.2112 -0.9497 -1.3491 -0.8317 
1.8801 -1.0813 -1.2116 -0.9494 -1.3498 -0.8311 
1.8901 -1.0814 -1.2119 -0.9490 -1.3506 -0.8306 
1.9001 -1.0814 -1.2123 -0.9488 -1.3513 -0.8301 
1.9101 -1.0815 -1.2126 -0.9485 -1.3520 -0.8295 
1.9201 -1.0815 -1.2131 -0.9483 -1.3527 -0.8290 
1.9301 -1.0816 -1.2136 -0.9479 -1.3534 -0.8284 
1.9401 -1.0816 -1.2140 -0.9477 -1.3542 -0.8279 
1.9501 -1.0816 -1.2143 -0.9474 -1.3548 -0.8274 
1.9601 -1.0817 -1.2147 -0.9471 -1.3555 -0.8268 
1.9701 -1.0817 -1.2149 -0.9468 -1.3562 -0.8262 
1.9801 -1.0818 -1.2151 -0.9464 -1.3569 -0.8258 
1.9901 -1.0818 -1.2155 -0.9460 -1.3576 -0.8251 
2.0001 -1.0819 -1.2160 -0.9458 -1.3582 -0.8245 
2.0101 -1.0819 -1.2162 -0.9455 -1.3590 -0.8241 
2.0201 -1.0819 -1.2164 -0.9452 -1.3596 -0.8235 
2.0301 -1.0820 -1.2167 -0.9449 -1.3603 -0.8229 
2.0401 -1.0820 -1.2172 -0.9446 -1.3610 -0.8225 
2.0501 -1.0821 -1.2175 -0.9443 -1.3616 -0.8220 
2.0601 -1.0821 -1.2179 -0.9442 -1.3623 -0.8215 
2.0701 -1.0821 -1.2183 -0.9439 -1.3629 -0.8210 
2.0801 -1.0822 -1.2187 -0.9436 -1.3636 -0.8204 
2.0901 -1.0822 -1.2190 -0.9433 -1.3642 -0.8197 
2.1001 -1.0823 -1.2193 -0.9431 -1.3647 -0.8192 
2.1101 -1.0823 -1.2196 -0.9428 -1.3652 -0.8187 
2.1201 -1.0823 -1.2198 -0.9425 -1.3656 -0.8182 
2.1301 -1.0824 -1.2201 -0.9423 -1.3663 -0.8176 
2.1401 -1.0824 -1.2203 -0.9420 -1.3669 -0.8170 
2.1501 -1.0825 -1.2206 -0.9417 -1.3675 -0.8166 
2.1601 -1.0825 -1.2208 -0.9416 -1.3681 -0.8162 
2.1701 -1.0825 -1.2211 -0.9415 -1.3687 -0.8158 
2.1801 -1.0826 -1.2213 -0.9413 -1.3694 -0.8154 
2.1901 -1.0826 -1.2216 -0.9410 -1.3701 -0.8150 
2.2001 -1.0827 -1.2220 -0.9408 -1.3707 -0.8145 
2.2101 -1.0827 -1.2222 -0.9407 -1.3713 -0.8140 
2.2201 -1.0827 -1.2226 -0.9405 -1.3719 -0.8136 
2.2301 -1.0828 -1.2230 -0.9403 -1.3725 -0.8129 
2.2401 -1.0828 -1.2233 -0.9402 -1.3731 -0.8125 
2.2501 -1.0828 -1.2236 -0.9400 -1.3737 -0.8122 
2.2601 -1.0829 -1.2239 -0.9398 -1.3743 -0.8118 
2.2701 -1.0829 -1.2242 -0.9396 -1.3749 -0.8114 
2.2801 -1.0829 -1.2246 -0.9395 -1.3754 -0.8109 
2.2901 -1.0830 -1.2249 -0.9393 -1.3760 -0.8105 
2.3001 -1.0830 -1.2252 -0.9391 -1.3765 -0.8100 
2.3101 -1.0830 -1.2255 -0.9388 -1.3771 -0.8095 
2.3201 -1.0831 -1.2258 -0.9386 -1.3777 -0.8093 
2.3301 -1.0831 -1.2261 -0.9384 -1.3783 -0.8090 
2.3401 -1.0831 -1.2264 -0.9381 -1.3787 -0.8085 
2.3501 -1.0832 -1.2267 -0.9379 -1.3792 -0.8083 
2.3601 -1.0832 -1.2270 -0.9377 -1.3797 -0.8079 
2.3701 -1.0833 -1.2273 -0.9376 -1.3802 -0.8074 
2.3801 -1.0833 -1.2276 -0.9374 -1.3808 -0.8071 
2.3901 -1.0833 -1.2279 -0.9373 -1.3813 -0.8068 
2.4001 -1.0834 -1.2282 -0.9371 -1.3819 -0.8064 
2.4101 -1.0834 -1.2285 -0.9368 -1.3824 -0.8059 
2.4201 -1.0834 -1.2287 -0.9366 -1.3829 -0.8055 
2.4301 -1.0834 -1.2290 -0.9364 -1.3835 -0.8052 
2.4401 -1.0835 -1.2293 -0.9362 -1.3840 -0.8047 
2.4501 -1.0835 -1.2296 -0.9361 -1.3845 -0.8044 
2.4601 -1.0835 -1.2299 -0.9360 -1.3850 -0.8040 
2.4701 -1.0836 -1.2302 -0.9358 -1.3856 -0.8037 
2.4801 -1.0836 -1.2305 -0.9358 -1.3861 -0.8032 
2.4901 -1.0836 -1.2308 -0.9357 -1.3866 -0.8028 
2.5001 -1.0837 -1.2310 -0.9355 -1.3871 -0.8024 
